[934 180 945 198]
[932 179 944 197]
[930 179 941 197]
[929 179 940 198]
[927 178 939 198]
[925 180 937 200]
[922 180 936 203]
[921 183 934 207]
[917 185 932 211]
[915 189 929 213]
[913 192 927 216]
[912 196 926 223]
[912 200 926 224]
[914 204 927 226]
[917 205 930 227]
[921 205 934 228]
[952 192 966 216]
[962 181 976 205]
[969 172 982 193]
[959 151 972 172]
[948 162 959 183]
[886 299 903 326]
[887 303 905 329]
[889 308 907 334]
[889 314 908 342]
[891 322 910 349]
[892 331 911 360]
[893 342 912 371]
[893 353 913 382]
[895 368 915 397]
[895 383 915 412]
[895 398 916 428]
[896 400 916 429]
[896 404 917 434]
[897 408 917 439]
[898 416 918 444]
[898 422 917 446]
[897 455 917 485]
[897 469 917 500]
[897 483 918 514]
[897 486 917 518]
[897 495 918 527]
[898 504 918 534]
[898 513 917 543]
[900 553 919 584]
[880 550 899 582]
[864 543 885 574]
[844 538 865 570]
[821 532 844 565]
[800 528 824 560]
[780 526 803 559]
[757 524 782 557]
[737 525 762 559]
[719 524 742 558]
[702 524 726 556]
[690 522 711 553]
[677 519 698 551]
[666 514 687 548]
[655 515 675 547]
[644 516 667 549]
[635 516 656 550]
[627 522 648 554]
[614 525 637 558]
[613 526 636 561]
[610 528 633 565]
[610 532 633 569]
[609 542 633 574]
[609 547 633 582]
[608 550 634 589]
[608 561 633 598]
[606 566 633 605]
[605 575 630 610]
[604 581 628 615]
[601 589 625 622]
[598 597 621 629]
[596 606 620 641]
[594 607 617 643]
[593 605 617 640]
[593 603 618 639]
[593 603 617 637]
[593 604 618 638]
[594 605 618 638]
[594 606 618 641]
[593 608 618 644]
[594 609 619 645]
[594 609 618 644]
[594 609 618 644]
[594 609 618 644]
[594 609 618 645]
[595 608 618 645]
[594 608 618 645]
[594 609 618 645]
[594 609 618 645]
[594 609 618 645]
[594 609 618 645]
[594 609 618 646]
[594 609 618 646]
[593 609 617 646]
[593 609 617 646]
[593 609 617 646]
[593 609 617 646]
[593 609 617 646]
[593 609 617 645]
[593 609 617 645]
[593 609 617 646]
[593 609 618 646]
[592 609 616 645]
[592 609 617 646]
[592 609 617 646]
[593 609 618 647]
[593 609 619 647]
[593 609 619 647]
[593 609 619 647]
[593 609 619 647]
[593 609 618 646]
[592 609 617 646]
[592 609 617 646]
[592 609 617 646]
[592 609 617 646]
[592 609 616 646]
[592 609 617 646]
[592 610 616 645]
[592 610 616 645]
[592 610 617 646]
[592 610 617 646]
[592 610 617 646]
[592 610 617 646]
[592 609 617 646]
[592 609 617 646]
[592 609 617 646]
[592 609 617 646]
[592 610 617 646]
[592 610 617 646]
[593 609 619 647]
[593 609 619 646]
[593 609 619 646]
[593 609 619 646]
[592 609 617 646]
[592 609 618 646]
[592 609 618 646]
[592 609 618 646]
[592 609 618 646]
[591 609 618 646]
[591 609 618 646]
[592 609 618 646]
[591 609 618 646]
[591 609 618 646]
[591 609 618 646]
[591 609 618 646]
[591 609 618 646]
[591 609 618 646]
[591 609 618 646]
[591 609 618 646]
[591 609 618 646]
[591 609 618 646]
[591 609 618 646]
[591 608 618 646]
[591 608 618 646]
[591 608 618 646]
[591 609 618 646]
[591 609 618 646]
[591 609 618 646]
[591 609 618 646]
[591 609 617 646]
[591 609 617 646]
[591 609 617 645]
[591 609 617 645]
[591 609 617 645]
[591 609 617 645]
[591 609 618 646]
[591 609 617 646]
[591 609 618 646]
[591 609 618 646]
[591 609 618 646]
[591 609 618 646]
[591 609 617 646]
[591 609 618 646]
[592 609 618 646]
[591 609 618 646]
[591 609 618 646]
[591 609 618 646]
[591 609 618 646]
[591 609 618 646]
[591 609 618 646]
[591 609 618 646]
[591 609 618 646]
[591 609 618 646]
[591 609 618 646]
[591 609 618 646]
[592 609 618 646]
[592 609 618 646]
[592 609 618 646]
[592 608 620 647]
[593 608 620 647]
[592 608 619 647]
[592 609 618 646]
[592 609 617 646]
[592 609 617 646]
[592 609 617 645]
[592 609 617 645]
[592 609 617 645]
[592 609 617 645]
[592 609 617 645]
[592 609 618 645]
[592 609 618 645]
[592 609 618 645]
[592 609 618 645]
[591 608 620 646]
[591 608 620 646]
[592 609 617 645]
[592 610 617 645]
[592 610 617 645]
[592 609 619 645]
[592 609 619 645]
[592 609 619 645]
[593 610 619 645]
[594 611 618 644]
[594 611 618 644]
[594 610 618 644]
[594 610 618 644]
[594 610 618 643]
[594 610 618 643]
[595 611 619 645]
[594 611 618 644]
[594 612 618 644]
[595 612 619 644]
[594 612 618 645]
[595 611 619 645]
[594 611 619 645]
[594 611 619 645]
[594 611 619 645]
[594 611 619 645]
[594 611 619 645]
[594 611 619 645]
[594 611 619 645]
[594 611 619 645]
[593 611 619 645]
[592 610 617 644]
[592 610 617 644]
[592 610 617 644]
[593 610 618 644]
[593 609 619 644]
[593 609 618 645]
[593 609 618 645]
[593 609 618 645]
[593 609 618 644]
[593 609 618 644]
[593 610 617 644]
[594 610 617 644]
[593 610 617 644]
[593 609 617 645]
[593 609 617 644]
[593 609 617 645]
[593 609 617 645]
[593 609 617 645]
[592 608 618 645]
[591 607 617 645]
[591 607 617 645]
[591 606 617 645]
[591 606 617 645]
[592 606 616 645]
[591 606 616 645]
[594 608 617 646]
[934 180 945 198]
[932 179 944 197]
[930 179 941 197]
[929 179 940 198]
[927 178 939 198]
[925 180 937 200]
[922 180 936 203]
[921 183 934 207]
[917 185 932 211]
[915 189 929 213]
[913 192 927 216]
[912 196 926 223]
[912 200 926 224]
[914 204 927 226]
[917 205 930 227]
[921 205 934 228]
[952 192 966 216]
[962 181 976 205]
[969 172 982 193]
[959 151 972 172]
[948 162 959 183]
[886 299 903 326]
[887 303 905 329]
[889 308 907 334]
[889 314 908 342]
[891 322 910 349]
[892 331 911 360]
[893 342 912 371]
[893 353 913 382]
[895 368 915 397]
[895 383 915 412]
[895 398 916 428]
[896 400 916 429]
[896 404 917 434]
[897 408 917 439]
[898 416 918 444]
[898 422 917 446]
[897 455 917 485]
[897 469 917 500]
[897 483 918 514]
[897 486 917 518]
[897 495 918 527]
[898 504 918 534]
[898 513 917 543]
[900 553 919 584]
[880 550 899 582]
[864 543 885 574]
[844 538 865 570]
[821 532 844 565]
[800 528 824 560]
[780 526 803 559]
[757 524 782 557]
[737 525 762 559]
[719 524 742 558]
[702 524 726 556]
[690 522 711 553]
[677 519 698 551]
[666 514 687 548]
[655 515 675 547]
[644 516 667 549]
[635 516 656 550]
[627 522 648 554]
[614 525 637 558]
[613 526 636 561]
[610 528 633 565]
[610 532 633 569]
[609 542 633 574]
[609 547 633 582]
[608 550 634 589]
[608 561 633 598]
[606 566 633 605]
[605 575 630 610]
[604 581 628 615]
[601 589 625 622]
[598 597 621 629]
[596 606 620 641]
[594 607 617 643]
[593 605 617 640]
[593 603 618 639]
[593 603 617 637]
[593 604 618 638]
[594 605 618 638]
[594 606 618 641]
[593 608 618 644]
[594 609 619 645]
[594 609 618 644]
[594 609 618 644]
[594 609 618 644]
[594 609 618 645]
[595 608 618 645]
[594 608 618 645]
[594 609 618 645]
[594 609 618 645]
[594 609 618 645]
[594 609 618 645]
[594 609 618 646]
[594 609 618 646]
[593 609 617 646]
[593 609 617 646]
[593 609 617 646]
[593 609 617 646]
[593 609 617 646]
[593 609 617 645]
[593 609 617 645]
[593 609 617 646]
[593 609 618 646]
[592 609 616 645]
[592 609 617 646]
[592 609 617 646]
[593 609 618 647]
[593 609 619 647]
[593 609 619 647]
[593 609 619 647]
[593 609 619 647]
[593 609 618 646]
[592 609 617 646]
[592 609 617 646]
[592 609 617 646]
[592 609 617 646]
[592 609 616 646]
[592 609 617 646]
[592 610 616 645]
[592 610 616 645]
[592 610 617 646]
[592 610 617 646]
[592 610 617 646]
[592 610 617 646]
[592 609 617 646]
[592 609 617 646]
[592 609 617 646]
[592 609 617 646]
[592 610 617 646]
[592 610 617 646]
[934 180 945 198]
[932 179 944 197]
[930 179 941 197]
[929 179 940 198]
[927 178 939 198]
[925 180 937 200]
[922 180 936 203]
[921 183 934 207]
[917 185 932 211]
[915 189 929 213]
[913 192 927 216]
[912 196 926 223]
[912 200 926 224]
[914 204 927 226]
[917 205 930 227]
[921 205 934 228]
[952 192 966 216]
[962 181 976 205]
[969 172 982 193]
[959 151 972 172]
[948 162 959 183]
[886 299 903 326]
[887 303 905 329]
[889 308 907 334]
[889 314 908 342]
[891 322 910 349]
[892 331 911 360]
[893 342 912 371]
[893 353 913 382]
[895 368 915 397]
[895 383 915 412]
[895 398 916 428]
[896 400 916 429]
[896 404 917 434]
[897 408 917 439]
[898 416 918 444]
[898 422 917 446]
[897 455 917 485]
[897 469 917 500]
[897 483 918 514]
[897 486 917 518]
[897 495 918 527]
[898 504 918 534]
[898 513 917 543]
[900 553 919 584]
[880 550 899 582]
[864 543 885 574]
[844 538 865 570]
[821 532 844 565]
[800 528 824 560]
[780 526 803 559]
[757 524 782 557]
[737 525 762 559]
[719 524 742 558]
[702 524 726 556]
[690 522 711 553]
[677 519 698 551]
[666 514 687 548]
[655 515 675 547]
[644 516 667 549]
[635 516 656 550]
[627 522 648 554]
[614 525 637 558]
[613 526 636 561]
[610 528 633 565]
[610 532 633 569]
[609 542 633 574]
[609 547 633 582]
[608 550 634 589]
[608 561 633 598]
[606 566 633 605]
[605 575 630 610]
[604 581 628 615]
[601 589 625 622]
[598 597 621 629]
[596 606 620 641]
[594 607 617 643]
[593 605 617 640]
[593 603 618 639]
[593 603 617 637]
[593 604 618 638]
[594 605 618 638]
[594 606 618 641]
[593 608 618 644]
[594 609 619 645]
[594 609 618 644]
[594 609 618 644]
[594 609 618 644]
[594 609 618 645]
[595 608 618 645]
[594 608 618 645]
[594 609 618 645]
[594 609 618 645]
[594 609 618 645]
[594 609 618 645]
[594 609 618 646]
[594 609 618 646]
[593 609 617 646]
[593 609 617 646]
[593 609 617 646]
[593 609 617 646]
[593 609 617 646]
[593 609 617 645]
[593 609 617 645]
[593 609 617 646]
[593 609 618 646]
[592 609 616 645]
[592 609 617 646]
[592 609 617 646]
[593 609 618 647]
[593 609 619 647]
[593 609 619 647]
[593 609 619 647]
[593 609 619 647]
[593 609 618 646]
[592 609 617 646]
[592 609 617 646]
[592 609 617 646]
[592 609 617 646]
[592 609 616 646]
[592 609 617 646]
[592 610 616 645]
[592 610 616 645]
[592 610 617 646]
[592 610 617 646]
[592 610 617 646]
[592 610 617 646]
[592 609 617 646]
[592 609 617 646]
[592 609 617 646]
[592 609 617 646]
[592 610 617 646]
[592 610 617 646]
[593 609 619 647]
[934 180 945 198]
[932 179 944 197]
[930 179 941 197]
[929 179 940 198]
[927 178 939 198]
[925 180 937 200]
[922 180 936 203]
[921 183 934 207]
[917 185 932 211]
[915 189 929 213]
[913 192 927 216]
[912 196 926 223]
[912 200 926 224]
[914 204 927 226]
[917 205 930 227]
[921 205 934 228]
[952 192 966 216]
[962 181 976 205]
[969 172 982 193]
[959 151 972 172]
[948 162 959 183]
[886 299 903 326]
[887 303 905 329]
[889 308 907 334]
[889 314 908 342]
[891 322 910 349]
[892 331 911 360]
[893 342 912 371]
[893 353 913 382]
[895 368 915 397]
[895 383 915 412]
[895 398 916 428]
[896 400 916 429]
[896 404 917 434]
[897 408 917 439]
[898 416 918 444]
[898 422 917 446]
[897 455 917 485]
[897 469 917 500]
[897 483 918 514]
[897 486 917 518]
[897 495 918 527]
[898 504 918 534]
[898 513 917 543]
[900 553 919 584]
[880 550 899 582]
[864 543 885 574]
[844 538 865 570]
[821 532 844 565]
[800 528 824 560]
[780 526 803 559]
[757 524 782 557]
[737 525 762 559]
[719 524 742 558]
[702 524 726 556]
[690 522 711 553]
[677 519 698 551]
[666 514 687 548]
[655 515 675 547]
[644 516 667 549]
[635 516 656 550]
[627 522 648 554]
[614 525 637 558]
[613 526 636 561]
[610 528 633 565]
[610 532 633 569]
[609 542 633 574]
[609 547 633 582]
[608 550 634 589]
[608 561 633 598]
[606 566 633 605]
[605 575 630 610]
[604 581 628 615]
[601 589 625 622]
[598 597 621 629]
[596 606 620 641]
[594 607 617 643]
[593 605 617 640]
[593 603 618 639]
[593 603 617 637]
[593 604 618 638]
[594 605 618 638]
[594 606 618 641]
[593 608 618 644]
[594 609 619 645]
[594 609 618 644]
[594 609 618 644]
[594 609 618 644]
[594 609 618 645]
[595 608 618 645]
[594 608 618 645]
[594 609 618 645]
[594 609 618 645]
[594 609 618 645]
[594 609 618 645]
[594 609 618 646]
[594 609 618 646]
[593 609 617 646]
[593 609 617 646]
[593 609 617 646]
[593 609 617 646]
[593 609 617 646]
[593 609 617 645]
[593 609 617 645]
[593 609 617 646]
[593 609 618 646]
[592 609 616 645]
[592 609 617 646]
[592 609 617 646]
[593 609 618 647]
[593 609 619 647]
[593 609 619 647]
[593 609 619 647]
[593 609 619 647]
[593 609 618 646]
[592 609 617 646]
[592 609 617 646]
[592 609 617 646]
[592 609 617 646]
[592 609 616 646]
[592 609 617 646]
[592 610 616 645]
[592 610 616 645]
[592 610 617 646]
[592 610 617 646]
[592 610 617 646]
[592 610 617 646]
[592 609 617 646]
[592 609 617 646]
[592 609 617 646]
[592 609 617 646]
[592 610 617 646]
[592 610 617 646]
[593 609 619 647]
[593 609 619 646]
[593 609 619 646]
[593 609 619 646]
[592 609 617 646]
[592 609 618 646]
[592 609 618 646]
[592 609 618 646]
[592 609 618 646]
[591 609 618 646]
[591 609 618 646]
[592 609 618 646]
[591 609 618 646]
[591 609 618 646]
[591 609 618 646]
[591 609 618 646]
[591 609 618 646]
[591 609 618 646]
[591 609 618 646]
[591 609 618 646]
[591 609 618 646]
[591 609 618 646]
[591 609 618 646]
[591 608 618 646]
[591 608 618 646]
[591 608 618 646]
[591 609 618 646]
[591 609 618 646]
[591 609 618 646]
[591 609 618 646]
[591 609 617 646]
[591 609 617 646]
[591 609 617 645]
[591 609 617 645]
[591 609 617 645]
[591 609 617 645]
[591 609 618 646]
[591 609 617 646]
[591 609 618 646]
[591 609 618 646]
[591 609 618 646]
[591 609 618 646]
[591 609 617 646]
[591 609 618 646]
[592 609 618 646]
[591 609 618 646]
[591 609 618 646]
[591 609 618 646]
[591 609 618 646]
[591 609 618 646]
[591 609 618 646]
[591 609 618 646]
[591 609 618 646]
[591 609 618 646]
[591 609 618 646]
[591 609 618 646]
[592 609 618 646]
[592 609 618 646]
[592 609 618 646]
[592 608 620 647]
[593 608 620 647]
[592 608 619 647]
[592 609 618 646]
[592 609 617 646]
[592 609 617 646]
[592 609 617 645]
[592 609 617 645]
[592 609 617 645]
[592 609 617 645]
[592 609 617 645]
[592 609 618 645]
[592 609 618 645]
[592 609 618 645]
[592 609 618 645]
[591 608 620 646]
[591 608 620 646]
[592 609 617 645]
[592 610 617 645]
[592 610 617 645]
[592 609 619 645]
[592 609 619 645]
[592 609 619 645]
[593 610 619 645]
[594 611 618 644]
[594 611 618 644]
[594 610 618 644]
[594 610 618 644]
[594 610 618 643]
[594 610 618 643]
[595 611 619 645]
[594 611 618 644]
[594 612 618 644]
[595 612 619 644]
[594 612 618 645]
[595 611 619 645]
[594 611 619 645]
[594 611 619 645]
[594 611 619 645]
[594 611 619 645]
[594 611 619 645]
[594 611 619 645]
[594 611 619 645]
[594 611 619 645]
[593 611 619 645]
[592 610 617 644]
[592 610 617 644]
[592 610 617 644]
[593 610 618 644]
[593 609 619 644]
[593 609 618 645]
[593 609 618 645]
[593 609 618 645]
[593 609 618 644]
[593 609 618 644]
[593 610 617 644]
[594 610 617 644]
[593 610 617 644]
[593 609 617 645]
[593 609 617 644]
[593 609 617 645]
[593 609 617 645]
[593 609 617 645]
[592 608 618 645]
[591 607 617 645]
[591 607 617 645]
[591 606 617 645]
[591 606 617 645]
[592 606 616 645]
[591 606 616 645]
[594 608 617 646]
[934 180 945 198]
[932 179 944 197]
[930 179 941 197]
[929 179 940 198]
[927 178 939 198]
[925 180 937 200]
[922 180 936 203]
[921 183 934 207]
[917 185 932 211]
[915 189 929 213]
[913 192 927 216]
[912 196 926 223]
[912 200 926 224]
[914 204 927 226]
[917 205 930 227]
[921 205 934 228]
[952 192 966 216]
[962 181 976 205]
[969 172 982 193]
[959 151 972 172]
[948 162 959 183]
[886 299 903 326]
[887 303 905 329]
[889 308 907 334]
[889 314 908 342]
[891 322 910 349]
[892 331 911 360]
[893 342 912 371]
[893 353 913 382]
[895 368 915 397]
[895 383 915 412]
[895 398 916 428]
[896 400 916 429]
[896 404 917 434]
[897 408 917 439]
[898 416 918 444]
[898 422 917 446]
[897 455 917 485]
[897 469 917 500]
[897 483 918 514]
[897 486 917 518]
[897 495 918 527]
[898 504 918 534]
[898 513 917 543]
[900 553 919 584]
[880 550 899 582]
[864 543 885 574]
[844 538 865 570]
[821 532 844 565]
[800 528 824 560]
[780 526 803 559]
[757 524 782 557]
[737 525 762 559]
[719 524 742 558]
[702 524 726 556]
[690 522 711 553]
[677 519 698 551]
[666 514 687 548]
[655 515 675 547]
[644 516 667 549]
[635 516 656 550]
[627 522 648 554]
[614 525 637 558]
[613 526 636 561]
[610 528 633 565]
[610 532 633 569]
[609 542 633 574]
[609 547 633 582]
[608 550 634 589]
[608 561 633 598]
[606 566 633 605]
[605 575 630 610]
[604 581 628 615]
[601 589 625 622]
[598 597 621 629]
[596 606 620 641]
[594 607 617 643]
[593 605 617 640]
[593 603 618 639]
[593 603 617 637]
[593 604 618 638]
[594 605 618 638]
[594 606 618 641]
[593 608 618 644]
[594 609 619 645]
[594 609 618 644]
[594 609 618 644]
[594 609 618 644]
[594 609 618 645]
[595 608 618 645]
[594 608 618 645]
[594 609 618 645]
[594 609 618 645]
[594 609 618 645]
[594 609 618 645]
[594 609 618 646]
[594 609 618 646]
[593 609 617 646]
[593 609 617 646]
[593 609 617 646]
[593 609 617 646]
[593 609 617 646]
[593 609 617 645]
[593 609 617 645]
[593 609 617 646]
[593 609 618 646]
[592 609 616 645]
[592 609 617 646]
[592 609 617 646]
[593 609 618 647]
[593 609 619 647]
[593 609 619 647]
[593 609 619 647]
[593 609 619 647]
[593 609 618 646]
[592 609 617 646]
[592 609 617 646]
[592 609 617 646]
[592 609 617 646]
[592 609 616 646]
[592 609 617 646]
[592 610 616 645]
[592 610 616 645]
[592 610 617 646]
[592 610 617 646]
[592 610 617 646]
[592 610 617 646]
[592 609 617 646]
[592 609 617 646]
[592 609 617 646]
[592 609 617 646]
[592 610 617 646]
[592 610 617 646]
[593 609 619 647]
[593 609 619 646]
[593 609 619 646]
[593 609 619 646]
[592 609 617 646]
[592 609 618 646]
[592 609 618 646]
[592 609 618 646]
[592 609 618 646]
[591 609 618 646]
[591 609 618 646]
[592 609 618 646]
[591 609 618 646]
[591 609 618 646]
[591 609 618 646]
[591 609 618 646]
[591 609 618 646]
[591 609 618 646]
[591 609 618 646]
[591 609 618 646]
[591 609 618 646]
[591 609 618 646]
[591 609 618 646]
[591 608 618 646]
[591 608 618 646]
[591 608 618 646]
[591 609 618 646]
[591 609 618 646]
[591 609 618 646]
[591 609 618 646]
[591 609 617 646]
[591 609 617 646]
[591 609 617 645]
[591 609 617 645]
[591 609 617 645]
[591 609 617 645]
[591 609 618 646]
[591 609 617 646]
[591 609 618 646]
[591 609 618 646]
[591 609 618 646]
[591 609 618 646]
[591 609 617 646]
[591 609 618 646]
[592 609 618 646]
[591 609 618 646]
[591 609 618 646]
[591 609 618 646]
[591 609 618 646]
[591 609 618 646]
[591 609 618 646]
[591 609 618 646]
[591 609 618 646]
[591 609 618 646]
[591 609 618 646]
[591 609 618 646]
[592 609 618 646]
[592 609 618 646]
[592 609 618 646]
[592 608 620 647]
[593 608 620 647]
[592 608 619 647]
[592 609 618 646]
[592 609 617 646]
[592 609 617 646]
[592 609 617 645]
[592 609 617 645]
[592 609 617 645]
[592 609 617 645]
[592 609 617 645]
[592 609 618 645]
[592 609 618 645]
[592 609 618 645]
[592 609 618 645]
[591 608 620 646]
[591 608 620 646]
[592 609 617 645]
[592 610 617 645]
[592 610 617 645]
[592 609 619 645]
[592 609 619 645]
[592 609 619 645]
[593 610 619 645]
[594 611 618 644]
[594 611 618 644]
[594 610 618 644]
[594 610 618 644]
[594 610 618 643]
[594 610 618 643]
[595 611 619 645]
[594 611 618 644]
[594 612 618 644]
[595 612 619 644]
[594 612 618 645]
[595 611 619 645]
[594 611 619 645]
[594 611 619 645]
[594 611 619 645]
[594 611 619 645]
[594 611 619 645]
[594 611 619 645]
[594 611 619 645]
[594 611 619 645]
[593 611 619 645]
[592 610 617 644]
[592 610 617 644]
[592 610 617 644]
[593 610 618 644]
[593 609 619 644]
[593 609 618 645]
[593 609 618 645]
[593 609 618 645]
[593 609 618 644]
[593 609 618 644]
[593 610 617 644]
[594 610 617 644]
[593 610 617 644]
[593 609 617 645]
[593 609 617 644]
[593 609 617 645]
[593 609 617 645]
[593 609 617 645]
[592 608 618 645]
[591 607 617 645]
[591 607 617 645]
[591 606 617 645]
[591 606 617 645]
[592 606 616 645]
[591 606 616 645]
[594 608 617 646]
[934 180 945 198]
[932 179 944 197]
[930 179 941 197]
[929 179 940 198]
[927 178 939 198]
[925 180 937 200]
[922 180 936 203]
[921 183 934 207]
[917 185 932 211]
[915 189 929 213]
[913 192 927 216]
[912 196 926 223]
[912 200 926 224]
[914 204 927 226]
[917 205 930 227]
[921 205 934 228]
[952 192 966 216]
[962 181 976 205]
[969 172 982 193]
[959 151 972 172]
[948 162 959 183]
[886 299 903 326]
[887 303 905 329]
[889 308 907 334]
[889 314 908 342]
[891 322 910 349]
[892 331 911 360]
[893 342 912 371]
[893 353 913 382]
[895 368 915 397]
[895 383 915 412]
[895 398 916 428]
[896 400 916 429]
[896 404 917 434]
[897 408 917 439]
[898 416 918 444]
[898 422 917 446]
[897 455 917 485]
[897 469 917 500]
[897 483 918 514]
[897 486 917 518]
[897 495 918 527]
[898 504 918 534]
[898 513 917 543]
[900 553 919 584]
[880 550 899 582]
[864 543 885 574]
[844 538 865 570]
[821 532 844 565]
[800 528 824 560]
[780 526 803 559]
[757 524 782 557]
[737 525 762 559]
[719 524 742 558]
[702 524 726 556]
[690 522 711 553]
[677 519 698 551]
[666 514 687 548]
[655 515 675 547]
[644 516 667 549]
[635 516 656 550]
[627 522 648 554]
[614 525 637 558]
[613 526 636 561]
[610 528 633 565]
[610 532 633 569]
[609 542 633 574]
[609 547 633 582]
[608 550 634 589]
[608 561 633 598]
[606 566 633 605]
[605 575 630 610]
[604 581 628 615]
[601 589 625 622]
[598 597 621 629]
[596 606 620 641]
[594 607 617 643]
[593 605 617 640]
[593 603 618 639]
[593 603 617 637]
[593 604 618 638]
[594 605 618 638]
[594 606 618 641]
[593 608 618 644]
[594 609 619 645]
[594 609 618 644]
[594 609 618 644]
[594 609 618 644]
[594 609 618 645]
[595 608 618 645]
[594 608 618 645]
[594 609 618 645]
[594 609 618 645]
[594 609 618 645]
[594 609 618 645]
[594 609 618 646]
[594 609 618 646]
[593 609 617 646]
[593 609 617 646]
[593 609 617 646]
[593 609 617 646]
[593 609 617 646]
[593 609 617 645]
[593 609 617 645]
[593 609 617 646]
[593 609 618 646]
[592 609 616 645]
[592 609 617 646]
[592 609 617 646]
[593 609 618 647]
[593 609 619 647]
[593 609 619 647]
[593 609 619 647]
[593 609 619 647]
[593 609 618 646]
[592 609 617 646]
[592 609 617 646]
[592 609 617 646]
[592 609 617 646]
[592 609 616 646]
[592 609 617 646]
[592 610 616 645]
[592 610 616 645]
[592 610 617 646]
[592 610 617 646]
[592 610 617 646]
[592 610 617 646]
[592 609 617 646]
[592 609 617 646]
[592 609 617 646]
[592 609 617 646]
[592 610 617 646]
[592 610 617 646]
[593 609 619 647]
[593 609 619 646]
[593 609 619 646]
[593 609 619 646]
[592 609 617 646]
[592 609 618 646]
[592 609 618 646]
[592 609 618 646]
[592 609 618 646]
[591 609 618 646]
[591 609 618 646]
[592 609 618 646]
[591 609 618 646]
[591 609 618 646]
[591 609 618 646]
[591 609 618 646]
[591 609 618 646]
[591 609 618 646]
[591 609 618 646]
[591 609 618 646]
[591 609 618 646]
[591 609 618 646]
[591 609 618 646]
[591 608 618 646]
[591 608 618 646]
[591 608 618 646]
[591 609 618 646]
[591 609 618 646]
[591 609 618 646]
[591 609 618 646]
[591 609 617 646]
[591 609 617 646]
[591 609 617 645]
[591 609 617 645]
[591 609 617 645]
[591 609 617 645]
[591 609 618 646]
[591 609 617 646]
[591 609 618 646]
[591 609 618 646]
[591 609 618 646]
[591 609 618 646]
[591 609 617 646]
[591 609 618 646]
[592 609 618 646]
[591 609 618 646]
[591 609 618 646]
[591 609 618 646]
[591 609 618 646]
[591 609 618 646]
[591 609 618 646]
[591 609 618 646]
[591 609 618 646]
[591 609 618 646]
[591 609 618 646]
[591 609 618 646]
[592 609 618 646]
[592 609 618 646]
[592 609 618 646]
[592 608 620 647]
[593 608 620 647]
[592 608 619 647]
[592 609 618 646]
[592 609 617 646]
[592 609 617 646]
[592 609 617 645]
[592 609 617 645]
[592 609 617 645]
[592 609 617 645]
[592 609 617 645]
[592 609 618 645]
[592 609 618 645]
[592 609 618 645]
[592 609 618 645]
[591 608 620 646]
[591 608 620 646]
[592 609 617 645]
[592 610 617 645]
[592 610 617 645]
[592 609 619 645]
[592 609 619 645]
[592 609 619 645]
[593 610 619 645]
[594 611 618 644]
[594 611 618 644]
[594 610 618 644]
[594 610 618 644]
[594 610 618 643]
[594 610 618 643]
[595 611 619 645]
[594 611 618 644]
[594 612 618 644]
[595 612 619 644]
[594 612 618 645]
[595 611 619 645]
[594 611 619 645]
[594 611 619 645]
[594 611 619 645]
[594 611 619 645]
[594 611 619 645]
[594 611 619 645]
[594 611 619 645]
[594 611 619 645]
[593 611 619 645]
[592 610 617 644]
[592 610 617 644]
[592 610 617 644]
[593 610 618 644]
[593 609 619 644]
[593 609 618 645]
[593 609 618 645]
[593 609 618 645]
[593 609 618 644]
[593 609 618 644]
[593 610 617 644]
[594 610 617 644]
[593 610 617 644]
[593 609 617 645]
[593 609 617 644]
[593 609 617 645]
[593 609 617 645]
[593 609 617 645]
[592 608 618 645]
[591 607 617 645]
[591 607 617 645]
[591 606 617 645]
[591 606 617 645]
[592 606 616 645]
[591 606 616 645]
[594 608 617 646]
